0 437.0000
1 437.0000
2 437.0000
3 437.0000
4 437.0000
5 437.0000
6 437.0000
7 437.0000
8 437.0000
9 437.0000
10 437.0000
11 437.0000
12 437.0000
13 437.0000
14 437.0000
15 437.0000
16 437.0000
17 437.0000
18 437.0000
19 437.0000
20 437.0000
21 437.0000
22 437.0000
23 437.0000
0 437.0000
1 437.0000
2 437.0000
3 437.0000
4 437.0000
5 437.0000
6 437.0000
7 437.0000
8 437.0000
9 437.0000
10 437.0000
11 437.0000
12 437.0000
13 437.0000
14 437.0000
15 437.0000
16 437.0000
17 437.0000
18 437.0000
19 437.0000
20 437.0000
21 437.0000
22 437.0000
23 437.0000
0 437.0000
1 437.0000
2 437.0000
3 437.0000
4 437.0000
5 437.0000
6 437.0000
7 437.0000
8 437.0000
9 437.0000
10 437.0000
11 437.0000
12 437.0000
13 437.0000
14 437.0000
15 437.0000
16 437.0000
17 437.0000
18 437.0000
19 437.0000
20 437.0000
21 437.0000
22 437.0000
23 437.0000
0 437.0000
1 437.0000
2 437.0000
3 437.0000
4 437.0000
5 437.0000
6 437.0000
7 437.0000
8 437.0000
9 437.0000
10 437.0000
11 437.0000
12 437.0000
13 437.0000
14 437.0000
15 437.0000
16 437.0000
17 437.0000
18 437.0000
19 437.0000
20 437.0000
21 437.0000
22 437.0000
23 437.0000
